% 定义目标函数的系数向量
f = [-290, -320, -230, -280, -310, -320, -260, -300, -260, -250, -220];

% 定义不等式约束的系数矩阵
A = [1, 1, 1, 1, 0, 0, 0, 0, 0, 0, 0;
     0, 0, 0, 0, 1, 1, 1, 1, 0, 0, 0;
     0, 0, 0, 0, 0, 0, 0, 0, 1, 1, 1;
     1, 0, 0, 0, 1, 0, 0, 0, 1, 0, 0;
     0, 1, 0, 0, 0, 1, 0, 0, 0, 1, 0;
     0, 0, 1, 0, 0, 0, 1, 0, 0, 0, 1;
     0, 0, 0, 1, 0, 0, 0, 1, 0, 0, 0;
     -1, 0, 0, 0, -1, 0, 0, 0, -1, 0, 0;
     0, -1, 0, 0, 0, -1, 0, 0, 0, -1, 0;
     0, 0, -1, 0, 0, 0, -1, 0, 0, 0, -1;
     0, 0, 0, -1, 0, 0, 0, -1, 0, 0, 0];

% 定义不等式约束的右侧常数向量
b = [100; 120; 100; 80; 140; 30; 50; -30; -70; -10; -10];

% 定义变量的上下界
lb = zeros(11, 1);
ub = [];

% 使用linprog函数求解线性规划问题
[x, fval, exitflag, output] = linprog(f, A, b, [], [], lb, ub);

% 输出结果
disp('最优解为:');
disp(x);
disp('目标函数的最大值为:');
disp(-fval);
